20,20
2,2
20,15
0,0
0,2
0,4
0,5
0,7
0,13
1,0
1,3
1,4
1,5
1,9
1,11
1,14
1,16
1,17
2,7
2,10
2,11
2,14
2,17
2,18
3,1
3,6
3,10
3,14
3,15
3,17
4,0
4,3
4,4
4,7
4,8
4,9
4,15
4,16
5,2
5,7
5,15
5,17
6,0
6,4
6,9
6,17
6,18
7,8
7,10
7,11
7,14
7,16
8,0
8,6
8,7
8,9
8,11
8,15
8,19
9,1
9,9
9,10
10,3
10,4
10,5
10,7
10,8
10,12
10,13
10,15
10,17
11,0
11,3
11,6
11,10
11,12
11,15
11,16
11,18
12,2
12,8
12,9
12,13
12,16
12,19
13,1
13,5
13,6
13,10
13,12
14,0
14,9
14,10
14,12
14,14
15,13
15,15
16,3
16,7
16,9
16,12
16,13
16,16
17,0
17,4
17,5
17,9
17,18
17,19
18,1
18,4
18,13
18,14
18,19
19,2
19,3
19,4
19,10
19,12
19,13
19,18
